0 0.517948717948718 0.6196428571428572 0.11282051282051282 0.20357142857142857
0 0.7217948717948718 0.48928571428571427 0.06923076923076923 0.2
0 0.2935897435897436 0.5160714285714286 0.11538461538461539 0.16785714285714284
0 0.17051282051282052 0.4125 0.08974358974358974 0.11785714285714285
0 0.8076923076923077 0.41785714285714287 0.05641025641025641 0.16428571428571428
0 0.9512820512820512 0.30892857142857144 0.08205128205128205 0.16785714285714284
0 0.5846153846153846 0.3267857142857143 0.10256410256410256 0.16071428571428573
0 0.3423076923076923 0.3339285714285714 0.11538461538461539 0.16785714285714284
0 0.4794871794871795 0.3142857142857143 0.06666666666666667 0.12142857142857143
0 0.7474358974358974 0.3267857142857143 0.09487179487179487 0.10357142857142858
0 0.08076923076923077 0.3678571428571429 0.0641025641025641 0.12857142857142856
0 0.2230769230769231 0.3339285714285714 0.06153846153846154 0.11785714285714285
0 0.1423076923076923 0.31607142857142856 0.0641025641025641 0.125
0 0.5128205128205128 0.4089285714285714 0.06666666666666667 0.13214285714285715
0 0.8666666666666667 0.38035714285714284 0.05128205128205128 0.14642857142857144