0 0.1092964824120603 0.5696428571428571 0.0728643216080402 0.175
0 0.1922110552763819 0.5482142857142858 0.0728643216080402 0.175
0 0.28015075376884424 0.5553571428571429 0.0728643216080402 0.175
0 0.3655778894472362 0.5482142857142858 0.0728643216080402 0.175
0 0.4434673366834171 0.5517857142857143 0.0728643216080402 0.175
0 0.5238693467336684 0.5589285714285714 0.0728643216080402 0.175
0 0.5917085427135679 0.5589285714285714 0.0728643216080402 0.175
0 0.6582914572864321 0.5464285714285714 0.08040201005025126 0.16428571428571428
0 0.7374371859296482 0.5482142857142858 0.0829145728643216 0.18928571428571428
0 0.8128140703517588 0.5589285714285714 0.0829145728643216 0.18928571428571428
0 0.8605527638190955 0.5589285714285714 0.0829145728643216 0.18928571428571428