0 0.8487179487179487 0.6267857142857143 0.06666666666666667 0.21785714285714286
0 0.7282051282051282 0.7357142857142858 0.06666666666666667 0.21428571428571427
0 0.5628205128205128 0.7375 0.0641025641025641 0.21785714285714286
0 0.42948717948717946 0.7446428571428572 0.0641025641025641 0.21785714285714286
0 0.26282051282051283 0.7267857142857143 0.0641025641025641 0.21785714285714286
0 0.14871794871794872 0.6267857142857143 0.06666666666666667 0.21785714285714286
0 0.026923076923076925 0.7517857142857143 0.04358974358974359 0.16071428571428573
0 0.07692307692307693 0.6446428571428572 0.046153846153846156 0.16071428571428573
0 0.023076923076923078 0.5375 0.041025641025641026 0.16071428571428573
0 0.44487179487179485 0.5607142857142857 0.04358974358974359 0.15714285714285714
0 0.5397435897435897 0.5696428571428571 0.04358974358974359 0.16071428571428573
0 0.9705128205128205 0.7285714285714285 0.04358974358974359 0.15714285714285714
0 0.9192307692307692 0.6071428571428571 0.03333333333333333 0.12142857142857143
0 0.9717948717948718 0.5142857142857142 0.03076923076923077 0.12142857142857143
0 0.6782051282051282 0.5910714285714286 0.03333333333333333 0.125
0 0.6448717948717949 0.7303571428571428 0.03333333333333333 0.125
0 0.4948717948717949 0.6910714285714286 0.03076923076923077 0.125
0 0.3423076923076923 0.7142857142857143 0.03333333333333333 0.12142857142857143
0 0.3141025641025641 0.5910714285714286 0.03333333333333333 0.125
0 0.21153846153846154 0.5839285714285715 0.03333333333333333 0.125