0 0.7115384615384616 0.44285714285714284 0.05384615384615385 0.12857142857142856
0 0.491025641025641 0.42678571428571427 0.05897435897435897 0.14642857142857144
0 0.28846153846153844 0.44821428571428573 0.06923076923076923 0.11071428571428571
0 0.07564102564102564 0.49464285714285716 0.06923076923076923 0.11071428571428571
0 0.28205128205128205 0.08571428571428572 0.09230769230769231 0.14285714285714285
0 0.6076923076923076 0.1 0.09230769230769231 0.14285714285714285
0 0.8256410256410256 0.09285714285714286 0.09230769230769231 0.14285714285714285
0 0.9538461538461539 0.4607142857142857 0.09230769230769231 0.14285714285714285
0 0.7461538461538462 0.775 0.09230769230769231 0.14285714285714285
0 0.517948717948718 0.8464285714285714 0.09230769230769231 0.14285714285714285
0 0.33076923076923076 0.8357142857142857 0.09230769230769231 0.14285714285714285
0 0.1564102564102564 0.8392857142857143 0.09230769230769231 0.14285714285714285
0 0.05384615384615385 0.08571428571428572 0.09230769230769231 0.14285714285714285