0 0.49615384615384617 0.5142857142857142 0.1 0.1357142857142857
0 0.26794871794871794 0.5892857142857143 0.1 0.1357142857142857
0 0.09871794871794871 0.48928571428571427 0.1 0.1357142857142857
0 0.7012820512820512 0.5535714285714286 0.1 0.1357142857142857
0 0.8705128205128205 0.5357142857142857 0.1 0.1357142857142857
0 0.8653846153846154 0.2571428571428571 0.1 0.1357142857142857
0 0.8243589743589743 0.125 0.1 0.1357142857142857
0 0.7551282051282051 0.33214285714285713 0.1 0.1357142857142857
0 0.6358974358974359 0.28214285714285714 0.11794871794871795 0.16428571428571428
0 0.42435897435897435 0.2375 0.11025641025641025 0.20357142857142857
0 0.23974358974358975 0.1982142857142857 0.11025641025641025 0.20357142857142857