0 0.5133333333333333 0.20238095238095238 0.14666666666666667 0.35714285714285715
0 0.6416666666666667 0.31845238095238093 0.11 0.1488095238095238
0 0.7216666666666667 0.4226190476190476 0.043333333333333335 0.10714285714285714
0 0.5966666666666667 0.6130952380952381 0.06 0.09523809523809523
0 0.625 0.5535714285714286 0.056666666666666664 0.03571428571428571
0 0.6666666666666666 0.49702380952380953 0.05333333333333334 0.06547619047619048
0 0.63 0.5119047619047619 0.02 0.047619047619047616
0 0.6683333333333333 0.42857142857142855 0.06333333333333334 0.08333333333333333
0 0.5316666666666666 0.44047619047619047 0.056666666666666664 0.15476190476190477
0 0.5716666666666667 0.42857142857142855 0.023333333333333334 0.13095238095238096
0 0.63 0.40476190476190477 0.02666666666666667 0.047619047619047616