0 0.7025641025641025 0.2982142857142857 0.06666666666666667 0.08214285714285714
0 0.6102564102564103 0.3875 0.05641025641025641 0.075
0 0.6692307692307692 0.4517857142857143 0.05641025641025641 0.075
0 0.8076923076923077 0.5267857142857143 0.05641025641025641 0.075
0 0.45897435897435895 0.41964285714285715 0.05641025641025641 0.075
0 0.5051282051282051 0.3196428571428571 0.05641025641025641 0.075
0 0.441025641025641 0.23392857142857143 0.06153846153846154 0.08214285714285714
0 0.36666666666666664 0.35535714285714287 0.06153846153846154 0.08214285714285714
0 0.33076923076923076 0.29464285714285715 0.06153846153846154 0.08214285714285714
0 0.26153846153846155 0.2125 0.06153846153846154 0.08214285714285714
0 0.17692307692307693 0.31607142857142856 0.06153846153846154 0.08214285714285714
0 0.22564102564102564 0.4232142857142857 0.06153846153846154 0.08214285714285714
0 0.05384615384615385 0.39464285714285713 0.06153846153846154 0.08214285714285714
0 0.03205128205128205 0.3053571428571429 0.05897435897435897 0.08214285714285714
0 0.14615384615384616 0.25535714285714284 0.06153846153846154 0.08214285714285714
0 0.9692307692307692 0.8053571428571429 0.06153846153846154 0.08214285714285714