0 0.8653846153846154 0.11071428571428571 0.09829059829059829 0.09285714285714286
0 0.6944444444444444 0.09285714285714286 0.09829059829059829 0.09285714285714286
0 0.5235042735042735 0.09285714285714286 0.09829059829059829 0.09285714285714286
0 0.3162393162393162 0.09642857142857143 0.08547008547008547 0.1
0 0.11965811965811966 0.08928571428571429 0.08547008547008547 0.1
0 0.11965811965811966 0.3339285714285714 0.09401709401709402 0.14642857142857144
0 0.3162393162393162 0.3196428571428571 0.09401709401709402 0.14642857142857144
0 0.5 0.3410714285714286 0.09401709401709402 0.14642857142857144
0 0.7051282051282052 0.33035714285714285 0.09401709401709402 0.14642857142857144
0 0.8589743589743589 0.3267857142857143 0.09401709401709402 0.14642857142857144
0 0.8846153846153846 0.5482142857142858 0.09401709401709402 0.14642857142857144
0 0.6923076923076923 0.5625 0.09401709401709402 0.14642857142857144
0 0.5170940170940171 0.5660714285714286 0.09401709401709402 0.14642857142857144
0 0.32051282051282054 0.5660714285714286 0.09401709401709402 0.14642857142857144
0 0.13247863247863248 0.5803571428571429 0.09401709401709402 0.14642857142857144
0 0.11965811965811966 0.7875 0.09401709401709402 0.14642857142857144
0 0.3333333333333333 0.7982142857142858 0.09401709401709402 0.14642857142857144
0 0.5256410256410257 0.7910714285714285 0.09401709401709402 0.14642857142857144
0 0.717948717948718 0.7910714285714285 0.09401709401709402 0.14642857142857144
0 0.8931623931623932 0.7910714285714285 0.09401709401709402 0.14642857142857144