0 0.8498727735368957 0.1625 0.07633587786259542 0.18928571428571428
0 0.7150127226463104 0.1625 0.07633587786259542 0.18928571428571428
0 0.5699745547073791 0.15892857142857142 0.07633587786259542 0.18928571428571428
0 0.4173027989821883 0.16785714285714284 0.07633587786259542 0.19285714285714287
0 0.26717557251908397 0.19464285714285715 0.07633587786259542 0.18928571428571428
0 0.13740458015267176 0.16785714285714284 0.07633587786259542 0.19285714285714287
0 0.12849872773536897 0.425 0.09414758269720101 0.21428571428571427
0 0.2913486005089059 0.4392857142857143 0.12468193384223919 0.20714285714285716
0 0.455470737913486 0.44642857142857145 0.08142493638676845 0.19285714285714287
0 0.5750636132315522 0.44821428571428573 0.08142493638676845 0.18928571428571428
0 0.7201017811704835 0.44642857142857145 0.08142493638676845 0.19285714285714287
0 0.8346055979643766 0.4392857142857143 0.08142493638676845 0.19285714285714287
0 0.8829516539440203 0.6982142857142857 0.08142493638676845 0.18928571428571428
0 0.7302798982188295 0.7142857142857143 0.08142493638676845 0.19285714285714287
0 0.6005089058524173 0.7071428571428572 0.08142493638676845 0.19285714285714287
0 0.4402035623409669 0.7142857142857143 0.08142493638676845 0.19285714285714287
0 0.2875318066157761 0.7214285714285714 0.08142493638676845 0.19285714285714287
0 0.12468193384223919 0.7303571428571428 0.08651399491094147 0.21785714285714286