0 0.5652173913043478 0.6714285714285714 0.07322654462242563 0.17142857142857143
0 0.18192219679633867 0.6875 0.06178489702517163 0.11071428571428571
0 0.42105263157894735 0.6392857142857142 0.06407322654462243 0.12142857142857143
0 0.07437070938215103 0.6571428571428571 0.04805491990846682 0.06428571428571428
0 0.6819221967963387 0.6303571428571428 0.08237986270022883 0.08928571428571429
0 0.9004576659038902 0.6267857142857143 0.043478260869565216 0.05357142857142857
0 0.9588100686498856 0.6 0.06407322654462243 0.07857142857142857
0 0.8020594965675057 0.5428571428571428 0.06178489702517163 0.07142857142857142
0 0.7608695652173914 0.575 0.057208237986270026 0.05714285714285714
0 0.6842105263157895 0.5428571428571428 0.041189931350114416 0.07142857142857142
0 0.5194508009153318 0.5821428571428572 0.036613272311212815 0.07142857142857142
0 0.3512585812356979 0.6 0.038901601830663615 0.07857142857142857
0 0.17276887871853547 0.5607142857142857 0.08924485125858124 0.07857142857142857
0 0.2940503432494279 0.5589285714285714 0.043478260869565216 0.06785714285714285